[Variables]
nozzle_expansion_applied_offset = 0.07250749999938418
nozzle_expansion_coefficient = 0.06499999999944794

